218.000 67.200
297.000 75.200
368.999 82.491
435.523 89.228
510.914 96.862
578.446 103.701
647.058 110.649
718.276 117.861
800.506 126.188
747.000 180.200
707.176 220.400
665.547 262.424
624.067 304.296
656.000 355.200
685.778 402.669
717.179 452.725
746.077 498.792
727.000 551.200
706.608 607.219
681.345 676.620
658.728 738.752
636.653 799.396
569.000 787.200
499.900 774.743
425.162 761.269
349.113 747.559
278.079 734.753
214.584 723.306
188.000 669.200
159.205 610.593
132.000 555.200
103.725 497.628
170.000 491.200
227.866 485.588
281.924 480.344
336.898 475.013
321.312 421.113
306.694 370.559
291.249 317.145
274.374 258.785
257.617 200.836
239.380 137.765