300.000 0.000
317.157 17.157
330.967 30.967
344.443 44.443
357.587 57.587
370.398 70.398
382.877 82.877
395.022 95.022
406.835 106.835
418.315 118.315
429.462 129.462
440.277 140.277
450.759 150.759
460.908 160.908
470.724 170.724
480.208 180.208
489.359 189.359
506.662 206.662
514.814 214.814
522.634 222.634
530.121 230.121
537.275 237.275
544.097 244.097
550.586 250.586
556.742 256.742
562.565 262.565
568.055 268.055
573.213 273.213
578.038 278.038
582.530 282.530
586.690 286.690
590.516 290.516
594.010 294.010
597.172 297.172
600.000 300.000
594.156 305.844
590.995 309.005
587.501 312.499
583.675 316.325
579.515 320.485
575.023 324.977
570.198 329.802
565.040 334.960
559.550 340.450
553.727 346.273
547.571 352.429
541.082 358.918
534.260 365.740
527.106 372.894
519.619 380.381
511.799 388.201
503.647 396.353
495.161 404.839
486.343 413.657
477.193 422.807
467.709 432.291
457.893 442.107
447.744 452.256
437.262 462.738
426.447 473.553
415.300 484.700
403.820 496.180
392.007 507.993
379.861 520.139
367.383 532.617
354.572 545.428
341.428 558.572
327.952 572.048
314.142 585.858
300.000 600.000
280.000 600.000
260.000 600.000
240.000 600.000
220.000 600.000
200.000 600.000
180.000 600.000
160.000 600.000
140.000 600.000
120.000 600.000
100.000 600.000
80.000 600.000
60.000 600.000
40.000 600.000
20.000 600.000
0.000 600.000
0.000 580.000
0.000 560.667
0.000 542.000
0.000 524.000
0.000 506.667
0.000 490.000
0.000 474.000
0.000 458.667
0.000 444.000
0.000 430.000
0.000 416.667
0.000 404.000
0.000 392.000
0.000 380.667
0.000 370.000
0.000 360.000
0.000 350.667
0.000 342.000
0.000 334.000
0.000 326.667
0.000 320.000
0.000 314.000
0.000 308.667
0.000 304.000
0.000 300.000
5.844 294.156
9.005 290.995
12.499 287.501
16.325 283.675
20.485 279.515
24.977 275.023
29.802 270.198
34.960 265.040
40.450 259.550
46.273 253.727
52.429 247.571
58.918 241.082
65.740 234.260
72.894 227.106
80.381 219.619
88.201 211.799
96.353 203.647
104.839 195.161
113.657 186.343
122.807 177.193
132.291 167.709
142.107 157.893
152.256 147.744
162.738 137.262
173.553 126.447
184.700 115.300
196.180 103.820
207.993 92.007
220.139 79.861
232.617 67.383
245.428 54.572
258.572 41.428
272.048 27.952
285.858 14.142
