300.000 0.000
339.078 39.078
378.534 78.534
415.021 115.021
448.538 148.538
506.662 206.662
531.269 231.269
552.907 252.907
571.574 271.574
587.272 287.272
600.000 300.000
590.621 309.379
574.923 325.077
556.255 343.745
534.618 365.382
510.011 389.989
482.434 417.566
451.887 448.113
418.370 481.630
381.883 518.117
342.426 557.574
300.000 600.000
240.000 600.000
180.000 600.000
120.000 600.000
60.000 600.000
0.000 600.000
0.000 540.000
0.000 480.000
0.000 420.000
0.000 360.000
0.000 300.000
45.442 254.558
87.868 212.132
130.294 169.706
172.721 127.279
215.147 84.853
257.574 42.426
