206.413 141.040
207.826 116.080
209.238 91.120
211.000 60.000
235.997 60.408
260.993 60.815
285.990 61.223
310.987 61.630
335.983 62.038
360.980 62.445
385.977 62.853
435.970 63.668
460.967 64.076
485.963 64.483
510.960 64.891
535.957 65.298
560.953 65.706
579.000 66.000
587.853 89.380
596.705 112.760
605.558 136.140
614.411 159.521
623.263 182.901
632.116 206.281
640.969 229.661
649.821 253.041
658.674 276.421
667.527 299.801
676.379 323.181
685.232 346.562
694.085 369.942
702.937 393.322
711.790 416.702
720.643 440.082
729.495 463.462
735.000 478.000
710.641 483.627
686.283 489.253
661.924 494.880
637.566 500.507
613.207 506.133
588.849 511.760
564.490 517.387
540.131 523.014
515.773 528.640
491.414 534.267
467.056 539.894
442.697 545.520
418.338 551.147
393.000 557.000
397.709 532.447
402.417 507.895
407.126 483.342
411.835 458.790
416.544 434.237
421.000 411.000
397.183 403.402
373.365 395.804
349.548 388.205
301.913 373.009
278.096 365.411
258.000 359.000
258.000 334.000
258.000 309.000
258.000 284.000
258.000 254.000
282.997 253.627
307.994 253.254
332.992 252.881
357.989 252.508
382.986 252.135
407.983 251.761
432.981 251.388
459.000 251.000
456.573 226.118
451.000 169.000
426.002 168.695
401.004 168.390
376.006 168.085
351.007 167.781
326.009 167.476
301.011 167.171
276.013 166.866
251.015 166.561
226.017 166.256
205.000 166.000
