362.945 547.942
352.890 522.884
342.835 497.826
332.780 472.769
322.725 447.711
312.670 422.653
292.560 372.537
282.504 347.479
272.449 322.422
262.394 297.364
252.339 272.306
247.000 259.000
264.274 238.249
281.549 217.498
298.823 196.747
316.097 175.996
350.646 134.495
367.920 113.744
385.194 92.993
406.000 68.000
427.083 84.867
448.167 101.734
469.250 118.600
511.417 152.334
532.501 169.201
551.000 184.000
577.950 185.648
604.899 187.295
631.849 188.943
658.799 190.590
685.748 192.238
712.698 193.885
739.648 195.533
780.000 198.000
770.932 223.432
761.864 248.863
752.796 274.295
743.728 299.727
734.661 325.159
725.593 350.590
716.525 376.022
707.457 401.454
698.389 426.886
693.000 442.000
668.013 452.229
643.025 462.458
618.038 472.688
593.051 482.917
568.064 493.146
543.076 503.375
493.102 523.833
468.114 534.063
443.127 544.292
418.140 554.521
393.153 564.750
373.000 573.000
