297.000 261.000
283.578 237.452
261.789 199.226
250.894 180.113
240.000 161.000
268.959 147.210
288.822 137.751
308.685 128.293
328.548 118.834
348.411 109.376
368.274 99.917
388.137 90.459
408.000 81.000
414.310 94.862
423.425 114.885
441.655 154.931
450.770 174.954
459.885 194.977
469.000 215.000
480.570 211.251
501.499 204.470
522.427 197.688
564.285 184.126
585.214 177.344
606.142 170.563
627.071 163.781
648.000 157.000
660.776 187.344
669.314 207.620
686.388 248.172
694.925 268.448
703.463 288.724
712.000 309.000
690.868 331.019
675.634 346.891
660.401 362.764
629.934 394.509
614.700 410.382
599.467 426.255
584.233 442.127
569.000 458.000
548.725 448.587
528.771 439.322
488.863 420.793
468.908 411.529
448.954 402.264
429.000 393.000
410.338 407.903
393.147 421.631
375.956 435.359
358.765 449.087
341.574 462.815
324.382 476.544
307.191 490.272
290.000 504.000
270.973 479.016
257.644 461.513
230.987 426.508
217.658 409.005
204.329 391.503
191.000 374.000
206.691 357.272
221.743 341.227
251.846 309.136
266.897 293.091
281.949 277.045
