65.293 485.088
72.587 461.175
79.880 437.263
87.173 413.350
94.467 389.438
101.760 365.525
109.053 341.613
116.346 317.700
130.933 269.875
138.226 245.963
145.520 222.050
152.813 198.138
160.106 174.225
167.400 150.313
174.693 126.400
180.000 109.000
204.982 108.039
229.963 107.078
279.926 105.157
310.000 104.000
310.128 129.000
310.256 153.999
310.385 178.999
310.513 203.999
310.641 228.998
310.769 253.998
310.897 278.998
311.000 299.000
335.989 298.265
360.978 297.530
385.968 296.795
435.946 295.325
460.935 294.590
481.000 294.000
481.991 269.020
482.983 244.039
483.974 219.059
484.965 194.079
485.956 169.098
486.948 144.118
487.939 119.138
488.930 94.157
489.922 69.177
491.000 42.000
515.996 42.460
540.992 42.920
565.987 43.380
615.979 44.300
640.975 44.760
654.000 45.000
651.063 69.827
648.127 94.654
645.190 119.481
642.254 144.308
639.317 169.135
636.381 193.962
633.444 218.789
630.508 243.616
627.571 268.442
621.698 318.096
618.762 342.923
615.825 367.750
612.889 392.577
609.952 417.404
607.016 442.231
604.079 467.058
601.143 491.885
599.000 510.000
574.042 508.549
513.000 505.000
501.666 482.717
490.332 460.433
467.665 415.867
454.000 389.000
429.002 389.349
404.005 389.698
379.007 390.046
354.010 390.395
304.015 391.093
279.017 391.442
254.019 391.790
239.000 392.000
232.937 416.254
226.873 440.507
214.746 489.014
208.000 516.000
183.027 514.835
158.054 513.669
133.082 512.504
108.109 511.338
83.136 510.173
58.000 509.000
