141.000 276.000
147.892 267.914
157.621 256.498
177.081 233.665
186.811 222.249
196.540 210.833
206.270 199.416
216.000 188.000
224.761 186.482
239.541 183.922
254.321 181.362
269.101 178.801
283.880 176.241
298.660 173.681
313.440 171.121
328.220 168.560
343.000 166.000
351.009 159.593
362.722 150.223
374.435 140.852
386.148 131.482
397.861 122.111
409.574 112.741
421.287 103.370
433.000 94.000
432.375 105.095
431.531 120.071
430.687 135.047
429.844 150.024
429.000 165.000
443.651 175.243
455.945 183.838
468.238 192.432
480.532 201.027
492.826 209.621
505.119 218.216
517.413 226.811
529.706 235.405
542.000 244.000
546.756 254.569
552.912 268.248
559.067 281.927
565.223 295.606
571.378 309.285
577.534 322.964
583.689 336.642
589.845 350.321
596.000 364.000
615.921 367.530
630.690 370.148
645.460 372.765
660.230 375.383
675.000 378.000
660.893 393.823
650.911 405.019
640.929 416.215
630.947 427.411
620.964 438.608
610.982 449.804
601.000 461.000
591.583 441.516
585.055 428.010
578.528 414.505
572.000 401.000
563.184 396.489
549.830 389.657
536.476 382.825
523.122 375.993
509.769 369.161
496.415 362.329
483.061 355.496
469.707 348.664
456.354 341.832
443.000 335.000
433.669 333.001
419.002 329.858
404.335 326.715
389.668 323.572
375.001 320.429
360.334 317.286
345.667 314.143
331.000 311.000
332.573 319.913
335.180 334.685
337.786 349.456
340.393 364.228
343.000 379.000
336.056 372.391
325.191 362.049
314.326 351.708
303.461 341.366
292.596 331.025
281.730 320.683
270.865 310.342
260.000 300.000
243.928 296.759
229.224 293.793
214.520 290.828
199.816 287.862
185.112 284.897
170.408 281.931
155.704 278.966
