227.000 183.200
292.000 179.200
356.000 175.200
418.080 171.320
480.016 167.449
543.186 163.501
612.000 159.200
671.096 155.506
738.079 151.320
803.000 147.200
871.977 142.823
854.000 201.200
838.460 251.663
822.902 302.187
807.085 353.547
789.491 410.681
772.640 465.401
753.744 526.764
707.000 482.200
662.939 440.193
613.832 393.376
568.216 349.887
523.473 307.231
482.184 350.539
434.220 400.849
385.884 451.549
340.732 498.909
293.392 548.565
332.976 586.304
379.045 630.224
334.134 677.331
287.246 726.513
244.329 685.597
194.654 638.238
139.441 585.600
157.000 524.200
175.609 459.125
197.422 382.851
136.000 323.200
85.759 274.407
81.000 191.200
153.990 187.026